Array: [[ 5614386 13443803 15608153 11666012 15061501  1161452 15622848  5912523
   1390081 12599376  3487092  5949994  7478101  1024473]
 [  684499 14712069   346171 15834106  9254202  7108196 14512266  1368524
  13373794 11944295  8777545 10247833  9827403  4774512]
 [16337282   663253 13878689  1086081 11638447  1907450  1365910  5788047
  15778632  2016323  4018842  8453086 10230275 12906196]
 [ 4393122  4386453  9367800  3865284  5479831  6835839  1496539  1894784
   1786786 10577302 16089152  5124375 10167303 10713000]
 [ 7327441  8544997 16396331 14921677 11797334 16056575 12976826  7556007
  12328357  2216996 11431720 11687872 10667005 14693688]
 [16489919  8524072 15470479  4270586  1731614 16044740  9919933  4625159
   4920317  7184055  8770099  9831839 11019569  5746489]
 [16631412  5537147  7368423  2560691 10071051 11428529  1406537  6210492
   1718663  4781228  5731020  6586371  6375310 11474767]
 [10233894   411222  9689916  9839067 16329860 15744628  5591518  9878639
  13593251  2067079 16081834  6042539 13391040  3513409]
 [10565449 14482393  5233927 11662321  6958210 14028537  2188882   288675
   4158951  1318892  2837385 11363014  5005637  5454249]
 [ 6925256 11205907  2834213  2392098  6282391  1001424  7450685  3210805
   5694623 12992878  5184728  3256718 12213909  6863139]
 [ 7785165  4348403   571507 11078187  7982852  6526171  8715010  3666820
    621717 12803381  7371306  9751221  7773057 13536933]
 [15891132 12915904 13936676  3658759  9715808  8422839  4050037 16624156
  10479569  4647994 15294880 15055356  4597667  3765746]
 [14539770  4048424 15750552 11034746 12155223 13591868  3797660  3987394
  14462199  2109138 11010700 16230596 12726921   698150]
 [ 9980752 13815750  3007549  1561343  7656913  2330293  1178876  3166472
  15406146 12229242 15576200  2602046  2372694 12169687]
 [  998623  3658373 10039056 10294637  3890825  7307367   492335  3307073
  16229365 14098085  5108865  2959165  7581903 13006670]
 [ 4543601    31125 12541265  9750480 16614160 11172770  1503999  2503173
   4474312 13494713  7848698 11648637  3638935  1079803]]
Result: [ 5180331  2375769  4742270  5681254  3366314  8185819 10813013 11267945
 14889369  8205217  3202830  9688489 11716629   840825]
