(71266538187504837881773455680815469644765409975672637516787766556930561611301,0,2)
(63544854342633876185175745872935162392653014254087655477842287908969853208379,25211152143759550358051039560879556426840861084906597236587478370814318142689,79)
(39074159514151924871919677510343475482086102957517742818729611408184999012147,26720690541939783004972245353228047769108495035961282702642707346226998373770,7)
(11316240487569546955851052334134041630678458886180684151492683339272898514068,78023993435270320661683902080154342711833298954028575015228013245393094322070,11)
(15119660866250484833218887142087494831304689540127120449449220034035236860049,2376925279748528274947624896157870319253832883138266857336324448538332297166,3)
(94525894183759378399897291865623908183109260367348596819715204602814652872188,98146324814965525894657836826759031897124666391881739251244828385812047296732,103)
(71542878910444144563133938181758613865556501352680171885447332315209641548443,11027393021237606209190382171644836431385653252385565913889845935383490333329,109)
(72537061420986231582551128555481918609119766808544834918899517864782710892312,20696171791782605323775889259158055595238004520282744518045273921426855660637,13)
(47304642731864455908474497502473408878259250785553242096599987792205036341027,87308389407233901101549966870575420834199714028952830446928260046757865912168,257)
(79151409705934444003617664415587039019530774265169446386054045277531197164553,56943392024936391426055303815722530810298197794474300336696548379705712989353,17)
(27974558924748513964984514704922794569344622176795136199100146266613594187049,908708025345488077175177694517792221515926952875067739491534252912562391432,37)
(56147374066529610291569208341319827491119706874642354858249151428621661571175,71595413582617942649893868679102683085536043623308842571140258759280510013059,29)
(19169369616009340152136389232192714034708633236740175777189904617321950220752,15774258328330553061950251816704811705870311571804357174455218127466956823951,163)
(88358254999358059150725742309502474428714371710877059313874367781209424800290,98776402767859818847910440674004147395370563105750671533968917708477580004396,31)
(78213793803302104958041912553857219308039645955755093117036977945261894195594,53593153560656561457484157211470811770417393442020089979070630102002938667354,283)
(38734450667084394738462582371861379830145244076002729605374008454745964565611,63485496731986875077615232477661409089307474718786950845837841465287054121282,101)
(27289051380232292058922681987872691081637273011784641353908828194889808935562,42582277169682659856648436177035993196476747798846006844257213457625676624395,167)
(60611302958867724114355198674174717903030611701834814355517307263156018683968,80228679959220836299321634502800120505758290036535800161226176222697615592590,113)
(42999112418317070460537876159806783061901565294041165537030209524922793544651,6589675282175324952159304964235642413401542647009102633630922664624612160023,389)
(95088333534242049083178643131160529877745643124240754413590925966964433087505,33627456165113486076807767192314925551610970800499077336139255019779282368591,19)
(68546113866396057414447123017012194382606660847915577729275345914093029304242,70419164698961872119061589487906973104091560133782463206465161133047521971443,191)
(27658666868559009345169979046408679219652571251294877631239458945675460030987,10566047007087521083032999605166355442006632701756355797042510958661252411316,59)
(97791103762657888754061084078726354799824725140990172327230661597230673123371,16504791603637887460174126385593020253296907768663442245056964794893045586226,41)
(29462131417760293883241031899737796889476699363752969782829725677711424156956,63922604090735184593402327889586633097884592153552845587430972300143736597235,229)
(59518744510738244919242575120413207566041465142486954779939682836254633495334,36370447903496661593495846801049351445979644729957225541992067030241921326989,83)
(71559667679756438651907704515988975571987101144398350207650497412273972654234,86460725179328194121500159495991910027001943388819072757521202494426857447992,139)
(8276777138098948264250367951358893433077255043810021832303765956068990019918,21493101873475820477351003385226667818948524293634907974065139715033091873953,67)
(99646282990238318121411535477326567222451429047755863849173115204157188367252,13856350931498138704173192500236739010171888687913973649417200621415301190801,223)
(99200653260380315062615458316422718190015009377389164617114551893246055846330,24732412235645911804135558052034498332731036020339317949128753094841781179561,293)
(54385730337878283819484662502993930222342589950105876324397884533620601032067,76187563994640764287333263613185342618066590335116060273561803306292561276461,337)
(59573072194110441834827393620749908153317793693341323540466151739336840212550,79896030998147669455256140817574064186778730574388846094095562107722554674975,379)
(65382184883290322115183621956191898992701063163640764735747748870010248970224,24566743128527576256218787588144185966549647594984478211103421247577960491493,97)
(34164185887960510886738154717621832309414615002366634259826633699899005004570,40899104011837526579958186878483575308382100722167422873473811552834253217848,53)
(14482222877390806438132778307329225615653546596489720888601185263670492554606,42640381609303674014628847015715807894719544264845108830634119471968526558992,107)
(86632337120555853680954386001067378408696101981730571645332845102160946239542,80319873816327548719950293019924602862406956568382638752380373353970178220705,71)
(56385035954677530575227623487496897873630953681741004420708613379571020296169,94417819469185033903828838374312068313620311361733468280216550239999870059150,251)
(79989175653331352759169583648378818421332783482871480057829784426252195711969,46112677739636866755196923954389797769587170872924185719225315947460373844953,173)
(16463194846610475279183582023630628118547318266305611939827643943011882739280,45927091047433063627784066171642050011555559751139827242712304465484106544356,157)
(60241351244747764943511372028802709995239769648018198083364699886740618466484,788251091386251518521427852478965170086380395248428356804980001174812619509,241)
(38144503585016014449856762114171324334150024579422133690928474990383110800502,54256305770129147371697622154398924166359019795299158585603937600880347063106,61)
(67574855009866692370513141444555903036396978490672337033261638864296042578367,66423110656191553186056403911592948264387776510135345407927159726899849347227,137)
